1.000000 7.774945 
1.000000 2.493256 
2.000000 8.708403 
2.000000 1.559798 
3.000000 9.205613 
3.000000 1.062588 
4.000000 9.421150 
4.000000 0.847051 
5.000000 9.397944 
5.000000 0.870256 
6.000000 9.131843 
6.000000 1.136358 
7.000000 8.566813 
7.000000 1.701388 
8.000000 7.497381 
8.000000 2.770820 
12.000000 16.201872 
12.000000 13.155142 
13.000000 17.366110 
13.000000 11.990904 
14.000000 17.860609 
14.000000 11.496405 
15.000000 17.999402 
15.000000 11.357612 
16.000000 17.829841 
16.000000 11.527173 
17.000000 17.292599 
17.000000 12.064415 
18.000000 15.996096 
18.000000 13.360918 
