-5.417087 13.795612 
-8.366824 11.315082 
-6.794397 8.543804 
-4.148269 7.938431 
-2.502147 6.043665 
-1.947206 5.640716 
-1.304656 4.253574 
-2.223804 5.118846 
-0.461787 3.203022 
-0.767097 1.530498 
0.168556 0.745681 
6.791102 1.242097 
3.291284 0.094433 
4.773794 -2.376220 
4.524847 -2.013253 
5.572544 -3.659223 
9.302649 -5.158256 
7.041357 -4.485094 
10.182643 -7.479252 
10.932242 -8.180927 
10.832706 -7.241767 
-8.950754 -9.656263 
-5.697120 -8.512000 
-6.720132 -3.790961 
-4.032796 -5.000708 
-4.987059 -2.252390 
-4.989191 -3.784135 
-1.735870 -2.416782 
-2.652461 -1.897999 
-0.883125 2.014869 
-0.964120 2.246334 
1.548859 0.372047 
1.078185 2.003115 
3.484076 2.837475 
4.566367 3.078540 
9.614645 5.992635 
7.900233 5.432472 
6.006274 7.140823 
9.547868 7.123890 
9.080254 8.828801 
11.302645 10.751353 
10.246441 10.919910 
