-541.7087 1379.5612 
-836.6824 1131.5082 
-679.4397 854.3804 
-414.8269 793.8431 
-250.2147 604.3665 
-194.7206 564.0716 
-130.4656 425.3574 
-222.3804 511.8846 
-46.1787 320.3022 
-76.7097 153.0498 
16.8556 74.5681 
679.1102 124.2097 
329.1284 9.4433 
477.3794 -237.6220 
452.4847 -201.3253 
557.2544 -365.9223 
930.2649 -515.8256 
704.1357 -448.5094 
1018.2643 -747.9252 
1093.2242 -818.0927 
1083.2706 -724.1767 
-895.0754 -965.6263 
-569.7120 -851.2000 
-672.0132 -379.0961 
-403.2796 -500.0708 
-498.7059 -225.2390 
-498.9191 -378.4135 
-173.5870 -241.6782 
-265.2461 -189.7999 
-88.3125 201.4869 
-96.4120 224.6334 
154.8859 37.2047 
107.8185 200.3115 
348.4076 283.7475 
456.6367 307.8540 
961.4645 599.2635 
790.0233 543.2472 
600.6274 714.0823 
954.7868 712.3890 
908.0254 882.8801 
1130.2645 1075.1353 
1024.6441 1091.9910 
