-5.355382 12.499686 
-1.566318 9.939003 
-6.140492 8.330423 
-6.456854 9.980769 
-2.087864 8.628628 
-4.680856 7.244798 
-1.695287 5.638215 
0.304820 3.540963 
2.718672 4.430638 
6.398494 5.719587 
8.139060 4.102814 
2.788866 0.462640 
4.444870 2.739838 
5.156282 1.202050 
6.018732 0.883256 
5.606609 -2.262257 
10.623591 -4.711958 
7.343685 -4.723350 
10.496140 -6.166934 
11.867951 -8.315359 
10.706460 -9.984098 
-1.459499 -5.944628 
-7.987271 -6.893762 
-6.126888 -5.573396 
-2.738937 -3.074450 
0.032605 -0.421281 
6.741773 -2.857125 
0.123866 0.868862 
0.118199 -1.878646 
1.992361 -0.071951 
2.439576 2.342975 
2.071018 1.752024 
5.261869 13.152742 
3.856136 2.460677 
5.526316 7.379452 
4.247292 9.939771 
7.115021 5.718204 
10.977950 9.679878 
9.325411 9.123946 
8.579128 9.968462 
10.795429 11.965316 
11.121416 12.734936 
