10.000000 95.192907 
10.000000 65.066233 
20.000000 99.424093 
20.000000 60.835047 
30.000000 97.952395 
30.000000 62.306745 
40.000000 88.068560 
40.000000 72.190580 
0.000000 73.426923 
0.000000 15.916947 
10.000000 86.702931 
10.000000 2.640939 
20.000000 94.735494 
20.000000 -5.391624 
30.000000 99.863557 
30.000000 -10.519688 
40.000000 102.860168 
40.000000 -13.516298 
50.000000 104.048915 
50.000000 -14.705045 
60.000000 103.539422 
60.000000 -14.195553 
70.000000 101.285859 
70.000000 -11.941989 
80.000000 97.063649 
80.000000 -7.719779 
90.000000 90.329869 
90.000000 -0.985999 
