1.330947 7.778006 
1.256326 2.910782 
2.187356 8.791364 
2.156651 2.282305 
3.154121 9.226719 
3.000270 1.292698 
4.033671 9.440907 
4.295835 1.050983 
5.001324 9.648202 
5.135385 1.167575 
6.010447 9.169155 
6.224216 1.283133 
7.233723 9.059200 
7.012439 1.930208 
8.112135 7.730583 
8.086045 2.988796 
12.148606 16.639865 
12.297754 13.411840 
13.428794 17.395279 
13.208049 12.237352 
14.230198 18.286932 
14.017682 11.618179 
15.107616 18.204653 
15.243424 11.688965 
16.225275 17.982859 
16.128995 11.685999 
17.039971 17.455033 
17.363179 12.253710 
18.389546 16.052213 
18.133736 13.389735 
