12.759777 3.140279 21.617161 
14.146269 2.848359 21.146340 
15.026081 2.436619 20.012474 
15.185072 2.294779 18.534687 
14.712940 2.698790 17.177073 
13.965415 3.694516 16.353068 
13.414306 5.078405 16.251185 
13.448632 6.483286 16.755548 
14.210640 7.533138 17.494739 
15.535846 8.001595 17.998353 
17.022367 7.907355 17.895289 
18.200325 7.506306 17.070168 
18.729905 7.183660 15.711973 
18.544595 7.291581 14.234386 
17.879224 8.000741 13.101416 
17.170972 9.228380 12.631809 
16.875096 10.673189 12.864691 
17.273030 11.942318 13.543079 
18.353753 12.716970 14.222198 
19.818437 12.886778 14.456966 
