-10.0     20.2
-7.4	  20.1
-5.2	  19.9
-2.3	  20.0
0.0       20.1
2.6	  19.8
5.1	  20.1
7.3	  20.2
10.0      20.0
-9.615327 10.635707 
-7.997883 10.560827 
-7.274444 8.818632 
-5.922286 7.327573 
-4.958683 6.711853 
-3.107411 5.907390 
-3.666822 4.647714 
-2.852491 3.029831 
-0.473016 2.775140 
0.135536 1.151223 
0.881354 0.778985 
1.993912 -0.527456 
3.255603 -0.712679 
3.050010 -1.671582 
4.136943 -3.105033 
5.970210 -3.706626 
6.342337 -5.062714 
8.048199 -6.906915 
8.017733 -7.813939 
9.145357 -8.420313 
10.103288 -9.502151 
-9.923366 -9.934558 
-8.051014 -7.937985 
-7.362654 -7.001360 
-6.118682 -5.839730 
-4.354058 -4.535803 
-4.646202 -3.512146 
-3.763643 -3.243183 
-1.376439 -2.440453 
-1.797452 -1.817829 
-0.838104 -0.677483 
0.613211 0.649861 
1.977315 1.566446 
2.613039 2.052113 
3.468229 3.417450 
5.564322 5.244348 
5.538577 5.033307 
6.328868 7.658338 
8.011356 7.304169 
8.275029 8.104517 
11.319122 9.194804 
10.646007 10.423451 
