12.471920 98.575890 
11.160316 67.848208 
22.577557 100.979499 
20.558549 64.936604 
31.680312 99.440992 
33.850768 64.482545 
43.100599 88.689912 
46.183568 73.574673 
2.939189 79.008177 
3.871768 22.860318 
13.938405 86.865657 
15.542946 4.855545 
21.366198 102.563977 
21.541531 -4.110839 
31.562161 101.557478 
36.696087 -4.674874 
40.795941 104.831510 
51.859923 -12.743705 
50.758998 119.734002 
54.447729 -9.810907 
63.341564 112.244164 
68.551118 -12.995573 
80.211740 101.341584 
78.560932 -11.714994 
80.673399 100.218878 
81.101621 -1.333253 
95.587194 92.128213 
92.699769 2.657826 
