11.483152 97.222697 
10.696189 66.735418 
21.546534 100.357336 
20.335130 63.295981 
31.008187 98.845553 
32.310461 63.612225 
41.860360 88.441371 
43.710141 73.021036 
1.763514 76.775675 
2.323061 20.082970 
12.363043 86.800567 
13.325767 3.969703 
20.819719 99.432584 
20.924919 -4.623153 
30.937297 100.879910 
34.017652 -7.012800 
40.477565 104.042973 
47.115954 -13.052742 
50.455399 113.459967 
52.668637 -11.768562 
62.004939 108.762267 
65.130671 -13.475565 
76.127044 101.319294 
75.136559 -11.805792 
80.404039 98.956787 
80.660973 -3.887864 
93.352316 91.408875 
91.619861 1.200296 
